8
6
1 2
1.000000e+00 8.202176e-16 4.263256e-14 -3.569668e-17 1.000000e+00 -2.131628e-14 3.516274e-19 -4.182672e-18 1.000000e+00
0.000000e+00 0.000000e+00 0.000000e+00 0.000000e+00 0.000000e+00 0.000000e+00 0.000000e+00 0.000000e+00 0.000000e+00
1.0000000000000000e+00
236
0
2 1
1.000000e+00 -8.202176e-16 -4.263256e-14 3.569668e-17 1.000000e+00 2.131628e-14 -3.516274e-19 4.182672e-18 1.000000e+00
0.000000e+00 0.000000e+00 0.000000e+00 0.000000e+00 0.000000e+00 0.000000e+00 0.000000e+00 0.000000e+00 0.000000e+00
0.0000000000000000e+00
0
0
4 7
1.000000e+00 -1.243669e-16 3.552714e-15 3.478938e-17 1.000000e+00 1.065814e-14 1.343469e-19 1.417230e-18 1.000000e+00
0.000000e+00 0.000000e+00 0.000000e+00 0.000000e+00 0.000000e+00 0.000000e+00 0.000000e+00 0.000000e+00 0.000000e+00
1.0000000000000000e+00
377
0
5 6
1.000000e+00 -7.042610e-17 -6.217249e-15 3.151023e-19 1.000000e+00 -3.552714e-14 -1.054786e-18 8.426123e-18 1.000000e+00
0.000000e+00 0.000000e+00 0.000000e+00 0.000000e+00 0.000000e+00 0.000000e+00 0.000000e+00 0.000000e+00 0.000000e+00
1.0000000000000000e+00
275
0
6 5
1.000000e+00 7.042610e-17 6.217249e-15 -3.151023e-19 1.000000e+00 3.552714e-14 1.054786e-18 -8.426123e-18 1.000000e+00
0.000000e+00 0.000000e+00 0.000000e+00 0.000000e+00 0.000000e+00 0.000000e+00 0.000000e+00 0.000000e+00 0.000000e+00
0.0000000000000000e+00
0
0
7 4
1.000000e+00 1.243669e-16 -3.552714e-15 -3.478938e-17 1.000000e+00 -1.065814e-14 -1.343469e-19 -1.417230e-18 1.000000e+00
0.000000e+00 0.000000e+00 0.000000e+00 0.000000e+00 0.000000e+00 0.000000e+00 0.000000e+00 0.000000e+00 0.000000e+00
0.0000000000000000e+00
0
0
888
2 1 0 2 0
2 1 1 2 1
2 1 2 2 2
2 1 3 2 3
2 1 4 2 4
2 1 5 2 5
2 1 6 2 6
2 1 7 2 7
2 1 8 2 8
2 1 9 2 9
2 1 10 2 10
2 1 11 2 11
2 1 12 2 12
2 1 13 2 13
2 1 14 2 14
2 1 15 2 15
2 1 16 2 16
2 1 17 2 17
2 1 18 2 18
2 1 19 2 19
2 1 20 2 20
2 1 21 2 21
2 1 22 2 22
2 1 23 2 23
2 1 24 2 24
2 1 25 2 25
2 1 26 2 26
2 1 27 2 27
2 1 28 2 28
2 1 29 2 29
2 1 30 2 30
2 1 31 2 31
2 1 32 2 32
2 1 33 2 33
2 1 34 2 34
2 1 35 2 35
2 1 36 2 36
2 1 37 2 37
2 1 38 2 38
2 1 39 2 39
2 1 40 2 40
2 1 41 2 41
2 1 42 2 42
2 1 43 2 43
2 1 44 2 44
2 1 45 2 45
2 1 46 2 46
2 1 47 2 47
2 1 48 2 48
2 1 49 2 49
2 1 50 2 50
2 1 51 2 51
2 1 52 2 52
2 1 53 2 53
2 1 54 2 54
2 1 55 2 55
2 1 56 2 56
2 1 57 2 57
2 1 58 2 58
2 1 59 2 59
2 1 60 2 60
2 1 61 2 61
2 1 62 2 62
2 1 63 2 63
2 1 64 2 64
2 1 65 2 65
2 1 66 2 66
2 1 67 2 67
2 1 68 2 68
2 1 69 2 69
2 1 70 2 70
2 1 71 2 71
2 1 72 2 72
2 1 73 2 73
2 1 74 2 74
2 1 75 2 75
2 1 76 2 76
2 1 77 2 77
2 1 78 2 78
2 1 79 2 79
2 1 80 2 80
2 1 81 2 81
2 1 82 2 82
2 1 83 2 83
2 1 84 2 84
2 1 85 2 85
2 1 86 2 86
2 1 87 2 87
2 1 88 2 88
2 1 89 2 89
2 1 90 2 90
2 1 91 2 91
2 1 92 2 92
2 1 93 2 93
2 1 94 2 94
2 1 95 2 95
2 1 96 2 96
2 1 97 2 97
2 1 98 2 98
2 1 99 2 99
2 1 100 2 100
2 1 101 2 101
2 1 102 2 102
2 1 103 2 103
2 1 104 2 104
2 1 105 2 105
2 1 106 2 106
2 1 107 2 107
2 1 108 2 108
2 1 109 2 109
2 1 110 2 110
2 1 111 2 111
2 1 112 2 112
2 1 113 2 113
2 1 114 2 114
2 1 115 2 115
2 1 116 2 116
2 1 117 2 117
2 1 118 2 118
2 1 119 2 119
2 1 120 2 120
2 1 121 2 121
2 1 122 2 122
2 1 123 2 123
2 1 124 2 124
2 1 125 2 125
2 1 126 2 126
2 1 127 2 127
2 1 128 2 128
2 1 129 2 129
2 1 130 2 130
2 1 131 2 131
2 1 132 2 132
2 1 133 2 133
2 1 134 2 134
2 1 135 2 135
2 1 136 2 136
2 1 137 2 137
2 1 138 2 138
2 1 139 2 139
2 1 140 2 140
2 1 141 2 141
2 1 142 2 142
2 1 143 2 143
2 1 144 2 144
2 1 145 2 145
2 1 146 2 146
2 1 147 2 147
2 1 148 2 148
2 1 149 2 149
2 1 150 2 150
2 1 151 2 151
2 1 152 2 152
2 1 153 2 153
2 1 154 2 154
2 1 155 2 155
2 1 156 2 156
2 1 157 2 157
2 1 158 2 158
2 1 159 2 159
2 1 160 2 160
2 1 161 2 161
2 1 162 2 162
2 1 163 2 163
2 1 164 2 164
2 1 165 2 165
2 1 166 2 166
2 1 167 2 167
2 1 168 2 168
2 1 169 2 169
2 1 170 2 170
2 1 171 2 171
2 1 172 2 172
2 1 173 2 173
2 1 174 2 174
2 1 175 2 175
2 1 176 2 176
2 1 177 2 177
2 1 178 2 178
2 1 179 2 179
2 1 180 2 180
2 1 181 2 181
2 1 182 2 182
2 1 183 2 183
2 1 184 2 184
2 1 185 2 185
2 1 186 2 186
2 1 187 2 187
2 1 188 2 188
2 1 189 2 189
2 1 190 2 190
2 1 191 2 191
2 1 192 2 192
2 1 193 2 193
2 1 194 2 194
2 1 195 2 195
2 1 196 2 196
2 1 197 2 197
2 1 198 2 198
2 1 199 2 199
2 1 200 2 200
2 1 201 2 201
2 1 202 2 202
2 1 203 2 203
2 1 204 2 204
2 1 205 2 205
2 1 206 2 206
2 1 207 2 207
2 1 208 2 208
2 1 209 2 209
2 1 210 2 210
2 1 211 2 211
2 1 212 2 212
2 1 213 2 213
2 1 214 2 214
2 1 215 2 215
2 1 216 2 216
2 1 217 2 217
2 1 218 2 218
2 1 219 2 219
2 1 220 2 220
2 1 221 2 221
2 1 222 2 222
2 1 223 2 223
2 1 224 2 224
2 1 225 2 225
2 1 226 2 226
2 1 227 2 227
2 1 228 2 228
2 1 229 2 229
2 1 230 2 230
2 1 231 2 231
2 1 232 2 232
2 1 233 2 233
2 1 234 2 234
2 1 235 2 235
2 4 0 7 0
2 4 1 7 1
2 4 2 7 2
2 4 3 7 3
2 4 4 7 4
2 4 5 7 5
2 4 6 7 6
2 4 7 7 7
2 4 8 7 8
2 4 9 7 9
2 4 10 7 10
2 4 11 7 11
2 4 12 7 12
2 4 13 7 13
2 4 14 7 14
2 4 15 7 15
2 4 16 7 16
2 4 17 7 17
2 4 18 7 18
2 4 19 7 19
2 4 20 7 20
2 4 21 7 21
2 4 22 7 22
2 4 23 7 23
2 4 24 7 24
2 4 25 7 25
2 4 26 7 26
2 4 27 7 27
2 4 28 7 28
2 4 29 7 29
2 4 30 7 30
2 4 31 7 31
2 4 32 7 32
2 4 33 7 33
2 4 34 7 34
2 4 35 7 35
2 4 36 7 36
2 4 37 7 37
2 4 38 7 38
2 4 39 7 39
2 4 40 7 40
2 4 41 7 41
2 4 42 7 42
2 4 43 7 43
2 4 44 7 44
2 4 45 7 45
2 4 46 7 46
2 4 47 7 47
2 4 48 7 48
2 4 49 7 49
2 4 50 7 50
2 4 51 7 51
2 4 52 7 52
2 4 53 7 53
2 4 54 7 54
2 4 55 7 55
2 4 56 7 56
2 4 57 7 57
2 4 58 7 58
2 4 59 7 59
2 4 60 7 60
2 4 61 7 61
2 4 62 7 62
2 4 63 7 63
2 4 64 7 64
2 4 65 7 65
2 4 66 7 66
2 4 67 7 67
2 4 68 7 68
2 4 69 7 69
2 4 70 7 70
2 4 71 7 71
2 4 72 7 72
2 4 73 7 73
2 4 74 7 74
2 4 75 7 75
2 4 76 7 76
2 4 77 7 77
2 4 78 7 78
2 4 79 7 79
2 4 80 7 80
2 4 81 7 81
2 4 82 7 82
2 4 83 7 83
2 4 84 7 84
2 4 85 7 85
2 4 86 7 86
2 4 87 7 87
2 4 88 7 88
2 4 89 7 89
2 4 90 7 90
2 4 91 7 91
2 4 92 7 92
2 4 93 7 93
2 4 94 7 94
2 4 95 7 95
2 4 96 7 96
2 4 97 7 97
2 4 98 7 98
2 4 99 7 99
2 4 100 7 100
2 4 101 7 101
2 4 102 7 102
2 4 103 7 103
2 4 104 7 104
2 4 105 7 105
2 4 106 7 106
2 4 107 7 107
2 4 108 7 108
2 4 109 7 109
2 4 110 7 110
2 4 111 7 111
2 4 112 7 112
2 4 113 7 113
2 4 114 7 114
2 4 115 7 115
2 4 116 7 116
2 4 117 7 117
2 4 118 7 118
2 4 119 7 119
2 4 120 7 120
2 4 121 7 121
2 4 122 7 122
2 4 123 7 123
2 4 124 7 124
2 4 125 7 125
2 4 126 7 126
2 4 127 7 127
2 4 128 7 128
2 4 129 7 129
2 4 130 7 130
2 4 131 7 131
2 4 132 7 132
2 4 133 7 133
2 4 134 7 134
2 4 135 7 135
2 4 136 7 136
2 4 137 7 137
2 4 138 7 138
2 4 139 7 139
2 4 140 7 140
2 4 141 7 141
2 4 142 7 142
2 4 143 7 143
2 4 144 7 144
2 4 145 7 145
2 4 146 7 146
2 4 147 7 147
2 4 148 7 148
2 4 149 7 149
2 4 150 7 150
2 4 151 7 151
2 4 152 7 152
2 4 153 7 153
2 4 154 7 154
2 4 155 7 155
2 4 156 7 156
2 4 157 7 157
2 4 158 7 158
2 4 159 7 159
2 4 160 7 160
2 4 161 7 161
2 4 162 7 162
2 4 163 7 163
2 4 164 7 164
2 4 165 7 165
2 4 166 7 166
2 4 167 7 167
2 4 168 7 168
2 4 169 7 169
2 4 170 7 170
2 4 171 7 171
2 4 172 7 172
2 4 173 7 173
2 4 174 7 174
2 4 175 7 175
2 4 176 7 176
2 4 177 7 177
2 4 178 7 178
2 4 179 7 179
2 4 180 7 180
2 4 181 7 181
2 4 182 7 182
2 4 183 7 183
2 4 184 7 184
2 4 185 7 185
2 4 186 7 186
2 4 187 7 187
2 4 188 7 188
2 4 189 7 189
2 4 190 7 190
2 4 191 7 191
2 4 192 7 192
2 4 193 7 193
2 4 194 7 194
2 4 195 7 195
2 4 196 7 196
2 4 197 7 197
2 4 198 7 198
2 4 199 7 199
2 4 200 7 200
2 4 201 7 201
2 4 202 7 202
2 4 203 7 203
2 4 204 7 204
2 4 205 7 205
2 4 206 7 206
2 4 207 7 207
2 4 208 7 208
2 4 209 7 209
2 4 210 7 210
2 4 211 7 211
2 4 212 7 212
2 4 213 7 213
2 4 214 7 214
2 4 215 7 215
2 4 216 7 216
2 4 217 7 217
2 4 218 7 218
2 4 219 7 219
2 4 220 7 220
2 4 221 7 221
2 4 222 7 222
2 4 223 7 223
2 4 224 7 224
2 4 225 7 225
2 4 226 7 226
2 4 227 7 227
2 4 228 7 228
2 4 229 7 229
2 4 230 7 230
2 4 231 7 231
2 4 232 7 232
2 4 233 7 233
2 4 234 7 234
2 4 235 7 235
2 4 236 7 236
2 4 237 7 237
2 4 238 7 238
2 4 239 7 239
2 4 240 7 240
2 4 241 7 241
2 4 242 7 242
2 4 243 7 243
2 4 244 7 244
2 4 245 7 245
2 4 246 7 246
2 4 247 7 247
2 4 248 7 248
2 4 249 7 249
2 4 250 7 250
2 4 251 7 251
2 4 252 7 252
2 4 253 7 253
2 4 254 7 254
2 4 255 7 255
2 4 256 7 256
2 4 257 7 257
2 4 258 7 258
2 4 259 7 259
2 4 260 7 260
2 4 261 7 261
2 4 262 7 262
2 4 263 7 263
2 4 264 7 264
2 4 265 7 265
2 4 266 7 266
2 4 267 7 267
2 4 268 7 268
2 4 269 7 269
2 4 270 7 270
2 4 271 7 271
2 4 272 7 272
2 4 273 7 273
2 4 274 7 274
2 4 275 7 275
2 4 276 7 276
2 4 277 7 277
2 4 278 7 278
2 4 279 7 279
2 4 280 7 280
2 4 281 7 281
2 4 282 7 282
2 4 283 7 283
2 4 284 7 284
2 4 285 7 285
2 4 286 7 286
2 4 287 7 287
2 4 288 7 288
2 4 289 7 289
2 4 290 7 290
2 4 291 7 291
2 4 292 7 292
2 4 293 7 293
2 4 294 7 294
2 4 295 7 295
2 4 296 7 296
2 4 297 7 297
2 4 298 7 298
2 4 299 7 299
2 4 300 7 300
2 4 301 7 301
2 4 302 7 302
2 4 303 7 303
2 4 304 7 304
2 4 305 7 305
2 4 306 7 306
2 4 307 7 307
2 4 308 7 308
2 4 309 7 309
2 4 310 7 310
2 4 311 7 311
2 4 312 7 312
2 4 313 7 313
2 4 314 7 314
2 4 315 7 315
2 4 316 7 316
2 4 317 7 317
2 4 318 7 318
2 4 319 7 319
2 4 320 7 320
2 4 321 7 321
2 4 322 7 322
2 4 323 7 323
2 4 324 7 324
2 4 325 7 325
2 4 326 7 326
2 4 327 7 327
2 4 328 7 328
2 4 329 7 329
2 4 330 7 330
2 4 331 7 331
2 4 332 7 332
2 4 333 7 333
2 4 334 7 334
2 4 335 7 335
2 4 336 7 336
2 4 337 7 337
2 4 338 7 338
2 4 339 7 339
2 4 340 7 340
2 4 341 7 341
2 4 342 7 342
2 4 343 7 343
2 4 344 7 344
2 4 345 7 345
2 4 346 7 346
2 4 347 7 347
2 4 348 7 348
2 4 349 7 349
2 4 350 7 350
2 4 351 7 351
2 4 352 7 352
2 4 353 7 353
2 4 354 7 354
2 4 355 7 355
2 4 356 7 356
2 4 357 7 357
2 4 358 7 358
2 4 359 7 359
2 4 360 7 360
2 4 361 7 361
2 4 362 7 362
2 4 363 7 363
2 4 364 7 364
2 4 365 7 365
2 4 366 7 366
2 4 367 7 367
2 4 368 7 368
2 4 369 7 369
2 4 370 7 370
2 4 371 7 371
2 4 372 7 372
2 4 373 7 373
2 4 374 7 374
2 4 375 7 375
2 4 376 7 376
2 5 0 6 0
2 5 1 6 1
2 5 2 6 2
2 5 3 6 3
2 5 4 6 4
2 5 5 6 5
2 5 6 6 6
2 5 7 6 7
2 5 8 6 8
2 5 9 6 9
2 5 10 6 10
2 5 11 6 11
2 5 12 6 12
2 5 13 6 13
2 5 14 6 14
2 5 15 6 15
2 5 16 6 16
2 5 17 6 17
2 5 18 6 18
2 5 19 6 19
2 5 20 6 20
2 5 21 6 21
2 5 22 6 22
2 5 23 6 23
2 5 24 6 24
2 5 25 6 25
2 5 26 6 26
2 5 27 6 27
2 5 28 6 28
2 5 29 6 29
2 5 30 6 30
2 5 31 6 31
2 5 32 6 32
2 5 33 6 33
2 5 34 6 34
2 5 35 6 35
2 5 36 6 36
2 5 37 6 37
2 5 38 6 38
2 5 39 6 39
2 5 40 6 40
2 5 41 6 41
2 5 42 6 42
2 5 43 6 43
2 5 44 6 44
2 5 45 6 45
2 5 46 6 46
2 5 47 6 47
2 5 48 6 48
2 5 49 6 49
2 5 50 6 50
2 5 51 6 51
2 5 52 6 52
2 5 53 6 53
2 5 54 6 54
2 5 55 6 55
2 5 56 6 56
2 5 57 6 57
2 5 58 6 58
2 5 59 6 59
2 5 60 6 60
2 5 61 6 61
2 5 62 6 62
2 5 63 6 63
2 5 64 6 64
2 5 65 6 65
2 5 66 6 66
2 5 67 6 67
2 5 68 6 68
2 5 69 6 69
2 5 70 6 70
2 5 71 6 71
2 5 72 6 72
2 5 73 6 73
2 5 74 6 74
2 5 75 6 75
2 5 76 6 76
2 5 77 6 77
2 5 78 6 78
2 5 79 6 79
2 5 80 6 80
2 5 81 6 81
2 5 82 6 82
2 5 83 6 83
2 5 84 6 84
2 5 85 6 85
2 5 86 6 86
2 5 87 6 87
2 5 88 6 88
2 5 89 6 89
2 5 90 6 90
2 5 91 6 91
2 5 92 6 92
2 5 93 6 93
2 5 94 6 94
2 5 95 6 95
2 5 96 6 96
2 5 97 6 97
2 5 98 6 98
2 5 99 6 99
2 5 100 6 100
2 5 101 6 101
2 5 102 6 102
2 5 103 6 103
2 5 104 6 104
2 5 105 6 105
2 5 106 6 106
2 5 107 6 107
2 5 108 6 108
2 5 109 6 109
2 5 110 6 110
2 5 111 6 111
2 5 112 6 112
2 5 113 6 113
2 5 114 6 114
2 5 115 6 115
2 5 116 6 116
2 5 117 6 117
2 5 118 6 118
2 5 119 6 119
2 5 120 6 120
2 5 121 6 121
2 5 122 6 122
2 5 123 6 123
2 5 124 6 124
2 5 125 6 125
2 5 126 6 126
2 5 127 6 127
2 5 128 6 128
2 5 129 6 129
2 5 130 6 130
2 5 131 6 131
2 5 132 6 132
2 5 133 6 133
2 5 134 6 134
2 5 135 6 135
2 5 136 6 136
2 5 137 6 137
2 5 138 6 138
2 5 139 6 139
2 5 140 6 140
2 5 141 6 141
2 5 142 6 142
2 5 143 6 143
2 5 144 6 144
2 5 145 6 145
2 5 146 6 146
2 5 147 6 147
2 5 148 6 148
2 5 149 6 149
2 5 150 6 150
2 5 151 6 151
2 5 152 6 152
2 5 153 6 153
2 5 154 6 154
2 5 155 6 155
2 5 156 6 156
2 5 157 6 157
2 5 158 6 158
2 5 159 6 159
2 5 160 6 160
2 5 161 6 161
2 5 162 6 162
2 5 163 6 163
2 5 164 6 164
2 5 165 6 165
2 5 166 6 166
2 5 167 6 167
2 5 168 6 168
2 5 169 6 169
2 5 170 6 170
2 5 171 6 171
2 5 172 6 172
2 5 173 6 173
2 5 174 6 174
2 5 175 6 175
2 5 176 6 176
2 5 177 6 177
2 5 178 6 178
2 5 179 6 179
2 5 180 6 180
2 5 181 6 181
2 5 182 6 182
2 5 183 6 183
2 5 184 6 184
2 5 185 6 185
2 5 186 6 186
2 5 187 6 187
2 5 188 6 188
2 5 189 6 189
2 5 190 6 190
2 5 191 6 191
2 5 192 6 192
2 5 193 6 193
2 5 194 6 194
2 5 195 6 195
2 5 196 6 196
2 5 197 6 197
2 5 198 6 198
2 5 199 6 199
2 5 200 6 200
2 5 201 6 201
2 5 202 6 202
2 5 203 6 203
2 5 204 6 204
2 5 205 6 205
2 5 206 6 206
2 5 207 6 207
2 5 208 6 208
2 5 209 6 209
2 5 210 6 210
2 5 211 6 211
2 5 212 6 212
2 5 213 6 213
2 5 214 6 214
2 5 215 6 215
2 5 216 6 216
2 5 217 6 217
2 5 218 6 218
2 5 219 6 219
2 5 220 6 220
2 5 221 6 221
2 5 222 6 222
2 5 223 6 223
2 5 224 6 224
2 5 225 6 225
2 5 226 6 226
2 5 227 6 227
2 5 228 6 228
2 5 229 6 229
2 5 230 6 230
2 5 231 6 231
2 5 232 6 232
2 5 233 6 233
2 5 234 6 234
2 5 235 6 235
2 5 236 6 236
2 5 237 6 237
2 5 238 6 238
2 5 239 6 239
2 5 240 6 240
2 5 241 6 241
2 5 242 6 242
2 5 243 6 243
2 5 244 6 244
2 5 245 6 245
2 5 246 6 246
2 5 247 6 247
2 5 248 6 248
2 5 249 6 249
2 5 250 6 250
2 5 251 6 251
2 5 252 6 252
2 5 253 6 253
2 5 254 6 254
2 5 255 6 255
2 5 256 6 256
2 5 257 6 257
2 5 258 6 258
2 5 259 6 259
2 5 260 6 260
2 5 261 6 261
2 5 262 6 262
2 5 263 6 263
2 5 264 6 264
2 5 265 6 265
2 5 266 6 266
2 5 267 6 267
2 5 268 6 268
2 5 269 6 269
2 5 270 6 270
2 5 271 6 271
2 5 272 6 272
2 5 273 6 273
2 5 274 6 274
